415.30
0.25
0
0.25
349.23
0.25
0
0.25
277.18
0.2
0
0.05
311.13
0.125
277.18
0.37
0
0.05
207.65
0.15
277.18
0.15
311.13
0.15
0
0.05
0
0.25
233.08
0.25
0
0.25
277.18
0.25
0
0.25
261.63
0.2
0
0.05
277.18
0.125
311.13
0.125
0
0.5
415.30
0.25
0
0.25
349.23
0.25
0
0.25
277.18
0.2
0
0.05
311.13
0.125
277.18
0.37
0
0.05
207.65
0.15
277.18
0.15
311.13
0.15
0
0.05
369.99
0.15
349.23
0.15
311.13
0.15
0
0.05
0
0.25
311.13
0.15
277.18
0.15
261.63
0.15
0
0.05
0
0.25
233.08
0.2
0
0.05
277.18
0.2
0
0.05
277.18
0.25
0
0.1





