659.25
0.45
0
0.05
659.25
0.2
0
0.05
698.46
0.2
0
0.05
783.99
0.45
0
0.05
659.25
0.45
0
0.05
698.46
0.45
0
0.05
698.46
0.2
0
0.05
783.99
0.2
0
0.05
587.33
0.45
0
0.05
392.00
0.45
0
0.05
659.25
0.45
0
0.05
659.25
0.2
0
0.05
698.46
0.2
0
0.05
783.99
0.45
0
0.05
1046.50
0.45
0
0.05
880.00
1.0
659.25
0.025
698.46
0.025
783.99
0.45
0
0.5
659.25
0.45
0
0.05
659.25
0.2
0
0.05
698.46
0.2
0
0.05
783.99
0.45
0
0.05
659.25
0.45
0
0.05
698.46
0.45
0
0.05
698.46
0.2
0
0.05
783.99
0.2
0
0.05
587.33
0.45
0
0.05
392.00
0.45
0
0.05
659.25
0.45
0
0.05
659.25
0.2
0
0.05
698.46
0.2
0
0.05
587.33
0.45
0
0.05
392.00
0.45
0
0.05
523.25
1.0
880.00
0.025
987.77
0.025
1046.50
0.45
0
0.1







