698.460
1.0
1396.91
1.0
1046.50
1.9
0
0.1
932.330
1.0
1396.91
1.0
698.460
1.9
0
0.1
698.460
1.0
880.000
1.0
1760.00
1.5
1864.66
0.5
1760.00
1.0
1396.91
1.0
1174.66
0.15
0
0.1
932.330
0.15
0
0.1
880.000
0.15
0
0.1
698.460
0.15
0
0.1
587.330
0.15
0
0.1
523.250
0.15
0
0.1
466.160
0.4
0
0.1
698.460
1.0
1396.91
1.0
1046.50
1.9
0
0.1
932.330
1.0
1396.91
1.0
698.460
1.9
0
0.1
698.460
1.0
880.000
1.0
1760.00
1.5
1864.66
0.5
1760.00
1.0
1396.91
1.0
1174.66
1.0
293.660
0.15
0
0.1
261.630
0.15
0
0.1
233.080
0.15
0
0.1
174.61
0.15
0
0.1
349.232
1.0
698.460
1.0
523.250
1.9
0
0.1
466.160
1.0
698.460
1.0
349.230
1.9
0
0.1
349.230
1.0
440.000
1.0
880.000
1.5
932.330
0.5
880.000
1.0
698.460
1.0
466.160
0.15
0
0.1
932.33
0.15
0
0.1
880.00
0.15
0
0.1
698.460
0.15
0
0.1
587.330
0.15
0
0.1
523.250
0.15
0
0.1
466.160
0.15
0
0.1
349.230
0.15
0
0.1